Your Spirit Guide is at: https://drive.google.com/file/d/1hDxdYpy1mXMhKBnLHHCVO9n-lTJ2_v8j/view?usp=sharing

I'm totally lost here.
Where are the statistics ph docs for analysing witch numbers are these?
Discussion: That began quite funnily. We have the discriminant for division by 2, 3 and 4 only (Galois).

tan²( pi/3 + 1/3 arctan |x| ) = 2 + 3x² + 2 sqrt{x² + 1} sqrt{9x² + 1} cos( pi/3 + 1/3 arctan 8|x|/(27x^4 + 18x² - 1) )

tan²( 1 + 2 pi/3 ) = 2 + 3t² + 2 sqrt{t² + 1} sqrt{9t² + 1} cos( pi/3 + 1/3 arctan 8t/(-27t^4 - 18t² + 1) )

cos( 3 * arccos((m^2-a)/b)) = cc
m = 3.09439510 = 1 + 2 pi/3 = pi/3 + 1/3 arctan |x|
t = tan(3) = -0.142546550 = -x
a = 2 + 3t²
b = 2 sqrt{t² + 1} sqrt{9t² + 1}
Re z = -(t² + 1) (-27t^4 - 18t² + 1) < 0
Im z = -8t(t² + 1) > 0
Mod z = (b/2)³
tan Arg z = 8t/(-27t^4 - 18t² + 1) < 0

==> PRINT IF AND ONLY IF: Mod z = (b/2)^p
                          tan Arg z = Im z / Re z
                          |m^2-a)/b| <= 1 or complex parameters
                          |m| < 1e50
                          0 < |b|² < 1e50

Below 1 rad ; p = pi

    delta = 57.2957795130823208767981548141051703324054724665643215491602438612
    m := delta*pi/180 = 1.0
    a = 2.14159265358979323846264338327950288419716939937510582097494459231
    b = 2.28819193772973334730334233011235469736404949272448242491655788537
    Re z = -0.255850207340132755840527680342065596497993254781093526425435728723
    Im z = -1.50479366472820335907683783342246038389816099748423934574228540542
    Mod z = 1.52638897467261778545080069225212739008757198295924299955753400954
    cos Arg z = -0.16761796081173076806932060316305210351250435988623680697048790365 = [fraction] beta/gamma^p sometimes
    sin Arg z = -0.985852027037180204283175590814467885975101158580397526088674291463
    tan Arg z = 5.88154170509503777861655781554197112776618217919714472669079108958
==> cos( 3.14159265358979323846264338327950288419716939937510582097494459231 * arccos((m^2-a)/b)) = cos Arg z

Below 1/pi rad ; p = pi^2

    delta = 18.2378130556207988598983033777509750027845794410043787922096257409
    m := delta*pi/180 = 0.318309886183790671537767526745028724068919291480912897495334688118
    a = 8.86960440108935861883449099987615113531369940724079062641334937622
    b = 21.4305254139273005141786036685735738766851582909723014465802021235
    Re z = 10096627721.8621934726453002594648444312212850785253276535412442952
    Im z = 10609654783.8802510051317205073402046446292856969520154987682987517
    Mod z = 14646046087.1523015475719103309182297179382249674105425826786326136
    cos Arg z = 0.689375662331083615988205345280144413308256047790200629911445721303 = [fraction] beta/gamma^p sometimes
    sin Arg z = 0.724404028278128628734365911693715461801769814215703075343126279198
    tan Arg z = 1.05081172408755863998090587946805682600486590773342350379260359114
==> cos( 9.86960440108935861883449099987615113531369940724079062641334937622 * arccos((m^2-a)/b)) = cos Arg z

Below pi / sqrt(2) rad ; p = 4 sqrt 2

    delta = 127.279220613578554392151985178872827071270468783925326585901176419
    m := delta*pi/180 = 2.22144146907918312350794049503034684930731084468784511154269780348
    a = 4.65685424949238019520675489683879231427868750150779229270671895196
    b = 8.0138648388377887439307650375811219456325941581599258117973991343
    Re z = 21.5033268226651142979311849385049289682978921662563701468216428434
    Im z = -2570.42258014530279395457091388171853906737544875840111680307190374
    Mod z = 2570.51252352235738217876366494429819066699402788703744809653105617
    cos Arg z = 0.00836538496735244020651961707073229535245703913435294074309392963448 = [fraction] beta/gamma^p sometimes
    sin Arg z = -0.999965009555008376550536783124863421699660232035728308239743233492
    tan Arg z = -119.536042089822340293244051367380967354620677309365540628950259877
==> cos( 5.65685424949238019520675489683879231427868750150779229270671895196 * arccos((m^2-a)/b)) = cos Arg z

Below 1 / sqrt(2) rad ; p = 2 pi sqrt 2

    delta = 40.5142342270697731299839635953033262199058367479849281507146862054
    m := delta*pi/180 = 0.707106781186547524400844362104849039284835937688474036588339868995
    a = 7.88576587631673249403176198012138739722924337875138044617079121391
    b = 17.9349375637989695197397473850206197010220834553015197580187052537
    Re z = 93384117.6464225121697947724172044425900332699439032409102445194019
    Im z = -276536090.324472425031049341988024154942126439196063480026915000544
    Mod z = 291878061.321068891330041230665178051047122192088322104550233077852
    cos Arg z = 0.319942229380847556380142951969097656991864825455341359402821125903 = [fraction] beta/gamma^p sometimes
    sin Arg z = -0.947437053243545635110762576241834527208265194457017339697696270249
    tan Arg z = -2.96127539986523984398275627506782846528703427084375392983624421094
==> cos( 8.88576587631673249403176198012138739722924337875138044617079121391 * arccos((m^2-a)/b)) = cos Arg z

Below pi / sqrt(3) rad ; p = 4 sqrt 3

    delta = 103.923048454132637611646780490352342016568315228622837683348418767
    m := delta*pi/180 = 1.81379936423421785059407825764215573228406624809274057556988493539
    a = 5.92820323027550917410978536602348946777122101524152251222322791781
    b = 11.6163723974333013719959412782679498482692630540442945640254452039
    Re z = -194825.941468990905554279096382619578153098156714665634750913988048
    Im z = -25821.5847471504480486933873421509735100745138049076571278545890842
    Mod z = 196529.645875966872862441050563463174223361518771683516945506240889
    cos Arg z = -0.991331056445035251901572045622040622722305922566056939610546806233 = [fraction] beta/gamma^p sometimes
    sin Arg z = -0.131387733550626145780031169482073196600588086140195854121798407911
    tan Arg z = 0.132536686605773649918046129968589167539309802849027238037983887981
==> cos( 6.92820323027550917410978536602348946777122101524152251222322791781 * arccos((m^2-a)/b)) = cos Arg z

Below 1 / sqrt(3) rad ; p = 2 pi sqrt 3

    delta = 33.0797337253075229706795898987781664838431888219984391679619612175
    m := delta*pi/180 = 0.577350269189625764509148780501957455647601751270126876018602326484
    a = 9.88279618540530710356446954585293439370439748855644345341930961233
    b = 25.2370963921923228189994415185579009020848463891900070954233017752
    Re z = -724096449170.252037826834146942934439433984837924575497134884937646
    Im z = 629596422209.737604030632944072395074633287916738257399245953140888
    Mod z = 959534951192.643929131764925616885651748690731641763337469593410518
    cos Arg z = -0.754632698131781371460874177618465168068780098601568395480321622982 = [fraction] beta/gamma^p sometimes
    sin Arg z = 0.656147461254212071952748536521331238443670559807996161373733474655
    tan Arg z = -0.869492486713886282699436756568172573135157261468989310032794683521
==> cos( 10.8827961854053071035644695458529343937043974885564434534193096123 * arccos((m^2-a)/b)) = cos Arg z

Below 1 / sqrt pi rad ; p = pi sqrt pi

    delta = 32.3256819825299811040347570529846959507934698182688104318397666912
    m := delta*pi/180 = 0.564189583547756286948079451560772585844050629328998856844085721711
    a = 4.56832799683170784528481798211883570201362439028324391075367581883
    b = 7.77907211558411804773781216341487741411602539802581527451090643338
    Re z = 1508.58416896179548197655137491727789555896719845014571909643980855
    Im z = -1197.98004187970316593136184294384092098419558955918807218569136288
    Mod z = 1926.39102354227306293695881829859646027708908801490655383098966764
    cos Arg z = 0.783114201906833608141819459825332686124630863643333453637832048953 = [fraction] beta/gamma^p sometimes
    sin Arg z = -0.621877919508180516343071258025358916966638698255255221306051575697
    tan Arg z = -0.794108851549297752085158648867929628575549211672077113060852352769
==> cos( 5.56832799683170784528481798211883570201362439028324391075367581883 * arccos((m^2-a)/b)) = cos Arg z

Below pi - sqrt pi rad ; p = 3 sqrt pi

    delta = 78.4458749614038683493456987190609345480708867207802057680645700921
    m := delta*pi/180 = 1.36913880268427721116447589993835770139961994325271869276113680246
    a = 17.0470201854089046173054131063059355505570749018890675676335121309
    b = 46.4326573001899212329908198411443911283243933462199643143522956275
    Re z = 5272055.42261976466404665292826975803006329902241059912422877213832
    Im z = 17522685.8272321909952625964440552921876689139819283869015630515363
    Mod z = 18298608.8809794051800912354972445969253486613354651831460313119388
    cos Arg z = 0.288112361814554829942742491900146608330142614982156746490833965101 = [fraction] beta/gamma^p sometimes
    sin Arg z = 0.957596609731696495785944558810968933211373845146420018468197755872
    tan Arg z = 3.32369150598286036865991335105779592318107171124242841979519883454
==> cos( 5.31736155271654808189450245002343554839264836836716138464142336956 * arccos((m^2-a)/b)) = cos Arg z

Below pi^2 rad ; p = 10/pi

    delta = 565.486677646162782923275808990310519155490491887519047775490026615
    m := delta*pi/180 = 9.86960440108935861883449099987615113531369940724079062641334937622
    a = 2.18309886183790671537767526745028724068919291480912897495334688118
    b = 2.37456423064399632671631553910419214210370396248183653544990444934
    Re z = -0.388366696634643803904900834155777285482184321569847653454360755213
    Im z = 1.68284802648835554754141792780502875047084287507747367241876260224
    Mod z = 1.7270802446066767703482839131480414724243233148144836339474300801
    cos Arg z = -0.224868935793478420558007220192228378561039730135990374405205475209 = [fraction] beta/gamma^p sometimes
    sin Arg z = 0.974389019701632557152915416936752919371773055597238092593070804667
    tan Arg z = -4.33314195339333075918528805007981718284239854524108467335543875815
==> cos( 3.18309886183790671537767526745028724068919291480912897495334688118 * arccos((m^2-a)/b)) = cos Arg z

Below 1/pi^2 rad ; p = pi^2

    delta = 5.8052761979759080531959694839414639467514005065460538122247099988
    m := delta*pi/180 = 0.101321183642337771443879463209727638904358774672246548845609031894
    a = 32.8085156299277829729672634989226306550231230038663890419830546258
    b = 126.215148329651904976008908926698899913020770032881629802749183574
    Re z = 426222107802713491.442782321605152712429927628507540149381006490038
    Im z = -398606834760947382.10928423809576138577513627742503159937782090131
    Mod z = 583568928146392258.84935870047978638468844695169671318768003756348
    cos Arg z = 0.730371490402231900810913094828596926609011530544814122428501922276 = [fraction] beta/gamma^p sometimes
    sin Arg z = -0.683050134329554520143030749747564829286822327204576588505065736987
    tan Arg z = -0.935209196012543627045271878503305290038261072307657258705309353202
==> cos( 9.86960440108935861883449099987615113531369940724079062641334937622 * arccos((m^2-a)/b)) = cos Arg z

Below 7 + 11j ; p = 3 + 4j ; j^2 = -1

    delta = (7.0 + 11.0j)
    m := delta*pi/180 = (0.122173047639603070384658353794202889941001032197920781926803400812
                      + 0.191986217719376253461605984533747398478715907739589800170691058419j)
    a = (0.936950669428743546827768846929707504774870887151232736096528249593
      + 0.561488752033197850462417808819696244872385560886434014812712673562j)
    b = (5.56170422623450207757040405792579997985112645581611548259136122675
      - 3.4582206135460884350097040989146913421932289031226128933270778982j)
    Re z = (48816.8471587444468599046814485062822046439787619980023107963533663
         - 179788.976454452513685412551796711841441165948972506627258637983057j)
    Im z = (179789.237897823043124125744002993760997622469749352174795140305006
         + 48816.7376995858872943112458875837361736377356578678608062496646171j)
    Mod z = (-324.270267255869437426878637642388438356399361586350376925121461125
          + 21.3301629442977368028019046907420725995973136225242727572235991904j)
    cos Arg z = (-186.208608731826815717539847805837893772968988910740106757289092005
              + 542.193146403524594515388230539156565865211503917320998823535725525j) = [fraction] beta/gamma^p sometimes
    sin Arg z = (-542.193971289829619842804099494340477021394621500280400829866630415
              - 186.208325436660594483017010067557065238678905875727955893322708061j)
    tan Arg z = (0.000000934746333617013429873604716164959686513941824526187920337371874295
              + 1.00000120036281358848344703283687594712462521855487887866326149364j)
==> cos( (3.0 + 4.0j) * arccos((m^2-a)/b)) = cos Arg z

Below the quaternion: 4 + 6i + 10j + 37k ; p = 3  ; i^2 = j^2 = k^2 = -1

    delta = [ 4.0   -6.0  -10.0  -37.0]
            [ 6.0    4.0  -37.0   10.0]
            [10.0   37.0    4.0   -6.0]
            [37.0  -10.0    6.0    4.0]
    m := delta*pi/180 = [0.06981317008  -0.1047197551  -0.1745329252  -0.6457718232]
                        [ 0.1047197551  0.06981317008  -0.6457718232   0.1745329252]
                        [ 0.1745329252   0.6457718232  0.06981317008  -0.1047197551]
                        [ 0.6457718232  -0.1745329252   0.1047197551  0.06981317008]
    a = [-0.8160820057  -0.01219775137  -0.02032958562  -0.07521946678]
        [0.01219775137   -0.8160820057  -0.07521946678   0.02032958562]
        [0.02032958562   0.07521946678   -0.8160820057  -0.01219775137]
        [0.07521946678  -0.02032958562   0.01219775137   -0.8160820057]
    b = [ 0.2616975215   0.214297521  0.3571625349    1.321501379]
        [ -0.214297521  0.2616975215   1.321501379  -0.3571625349]
        [-0.3571625349  -1.321501379  0.2616975215    0.214297521]
        [ -1.321501379  0.3571625349  -0.214297521   0.2616975215]
    Re z = [ 0.3827913392  -0.01573996247  -0.02623327078  -0.09706310189]
           [0.01573996247    0.3827913392  -0.09706310189   0.02623327078]
           [0.02623327078   0.09706310189    0.3827913392  -0.01573996247]
           [0.09706310189  -0.02623327078   0.01573996247    0.3827913392]
    Im z = [  0.1971221692  0.07393721004    0.1232286834   0.4559461286]
           [-0.07393721004   0.1971221692    0.4559461286  -0.1232286834]
           [ -0.1232286834  -0.4559461286    0.1971221692  0.07393721004]
           [ -0.4559461286   0.1232286834  -0.07393721004   0.1971221692]
    Mod z = [ -0.186167613  -0.04592389502  -0.07653982503   -0.2831973526]
            [0.04592389502    -0.186167613   -0.2831973526   0.07653982503]
            [0.07653982503    0.2831973526    -0.186167613  -0.04592389502]
            [ 0.2831973526  -0.07653982503   0.04592389502    -0.186167613]
    cos Arg z = [-0.3341674332   0.1669798097   0.2782996828    1.029708826]
                [-0.1669798097  -0.3341674332    1.029708826  -0.2782996828]
                [-0.2782996828   -1.029708826  -0.3341674332   0.1669798097]
                [ -1.029708826   0.2782996828  -0.1669798097  -0.3341674332] = [fraction] beta/gamma^p sometimes
    sin Arg z = [ -1.454473839  -0.03836384876  -0.06393974793   -0.2365770674]
                [0.03836384876    -1.454473839   -0.2365770674   0.06393974793]
                [0.06393974793    0.2365770674    -1.454473839  -0.03836384876]
                [ 0.2365770674  -0.06393974793   0.03836384876    -1.454473839]
    tan Arg z = [  0.170853915  0.2001781033   0.3336301722    1.234431637]
                [-0.2001781033   0.170853915    1.234431637  -0.3336301722]
                [-0.3336301722  -1.234431637    0.170853915   0.2001781033]
                [ -1.234431637  0.3336301722  -0.2001781033    0.170853915]
==> cos( [3.0  0.0  0.0  0.0]
         [0.0  3.0  0.0  0.0]
         [0.0  0.0  3.0  0.0]
         [0.0  0.0  0.0  3.0] * arccos((m^2-a)/b)) = cos Arg z

Below the 'bi-quaternion': (3,4) + (6,8)i + (10,20)j + (37,39)k ; p = 3  ; i^2 = j^2 = k^2 = -1

    delta = [  (3.0 + 4.0j)    (-6.0 - 8.0j)  (-10.0 - 20.0j)  (-37.0 - 39.0j)]
            [  (6.0 + 8.0j)     (3.0 + 4.0j)  (-37.0 - 39.0j)   (10.0 + 20.0j)]
            [(10.0 + 20.0j)   (37.0 + 39.0j)     (3.0 + 4.0j)    (-6.0 - 8.0j)]
            [(37.0 + 39.0j)  (-10.0 - 20.0j)     (6.0 + 8.0j)     (3.0 + 4.0j)]
    m := delta*pi/180 = [(0.05235987756 + 0.06981317008j)   (-0.1047197551 - 0.1396263402j)   (-0.1745329252 - 0.3490658504j)   (-0.6457718232 - 0.6806784083j)]
                        [  (0.1047197551 + 0.1396263402j)  (0.05235987756 + 0.06981317008j)   (-0.6457718232 - 0.6806784083j)    (0.1745329252 + 0.3490658504j)]
                        [  (0.1745329252 + 0.3490658504j)    (0.6457718232 + 0.6806784083j)  (0.05235987756 + 0.06981317008j)   (-0.1047197551 - 0.1396263402j)]
                        [  (0.6457718232 + 0.6806784083j)   (-0.1745329252 - 0.3490658504j)    (0.1047197551 + 0.1396263402j)  (0.05235987756 + 0.06981317008j)]
    a = [  (-0.9823679967 + 0.2235804878j)    (0.0162080435 - 0.01109890549j)  (0.04009725789 - 0.01793437468j)   (0.07966963087 - 0.06931714228j)]
        [ (-0.0162080435 + 0.01109890549j)    (-0.9823679967 + 0.2235804878j)  (0.07966963087 - 0.06931714228j)  (-0.04009725789 + 0.01793437468j)]
        [(-0.04009725789 + 0.01793437468j)  (-0.07966963087 + 0.06931714228j)   (-0.9823679967 + 0.2235804878j)    (0.0162080435 - 0.01109890549j)]
        [(-0.07966963087 + 0.06931714228j)   (0.04009725789 - 0.01793437468j)  (-0.0162080435 + 0.01109890549j)    (-0.9823679967 + 0.2235804878j)]
    b = [       (1.0195121 - 1.129522723j)  (-0.06875963584 - 0.004667902574j)      (-0.1494040378 - 0.03777324j)     (-0.370070555 + 0.01770437447j)]
        [(0.06875963584 + 0.004667902574j)          (1.0195121 - 1.129522723j)    (-0.370070555 + 0.01770437447j)        (0.1494040378 + 0.03777324j)]
        [     (0.1494040378 + 0.03777324j)      (0.370070555 - 0.01770437447j)         (1.0195121 - 1.129522723j)  (-0.06875963584 - 0.004667902574j)]
        [   (0.370070555 - 0.01770437447j)       (-0.1494040378 - 0.03777324j)  (0.06875963584 + 0.004667902574j)          (1.0195121 - 1.129522723j)]
    Re z = [    (0.2461642458 + 0.501019735j)  (0.01902573074 - 0.05474114829j)     (0.06375306694 - 0.112820234j)   (0.06765789019 - 0.3041136849j)]
           [(-0.01902573074 + 0.05474114829j)     (0.2461642458 + 0.501019735j)    (0.06765789019 - 0.3041136849j)   (-0.06375306694 + 0.112820234j)]
           [  (-0.06375306694 + 0.112820234j)  (-0.06765789019 + 0.3041136849j)      (0.2461642458 + 0.501019735j)  (0.01902573074 - 0.05474114829j)]
           [ (-0.06765789019 + 0.3041136849j)    (0.06375306694 - 0.112820234j)  (-0.01902573074 + 0.05474114829j)     (0.2461642458 + 0.501019735j)]
    Im z = [ (-0.5874887026 + 0.07079639541j)  (0.03272369445 + 0.04084543468j)    (0.05565395391 + 0.1029494341j)    (0.2000686978 + 0.1978259306j)]
           [(-0.03272369445 - 0.04084543468j)  (-0.5874887026 + 0.07079639541j)     (0.2000686978 + 0.1978259306j)  (-0.05565395391 - 0.1029494341j)]
           [ (-0.05565395391 - 0.1029494341j)   (-0.2000686978 - 0.1978259306j)   (-0.5874887026 + 0.07079639541j)  (0.03272369445 + 0.04084543468j)]
           [  (-0.2000686978 - 0.1978259306j)   (0.05565395391 + 0.1029494341j)  (-0.03272369445 - 0.04084543468j)  (-0.5874887026 + 0.07079639541j)]
    Mod z = [  (-0.4168369241 - 0.1909589511j)  (0.003459564235 + 0.0598841478j)    (-0.0163426178 + 0.1331289508j)   (0.05560224465 + 0.3176364194j)]
            [(-0.003459564235 - 0.0598841478j)   (-0.4168369241 - 0.1909589511j)    (0.05560224465 + 0.3176364194j)    (0.0163426178 - 0.1331289508j)]
            [   (0.0163426178 - 0.1331289508j)  (-0.05560224465 - 0.3176364194j)    (-0.4168369241 - 0.1909589511j)  (0.003459564235 + 0.0598841478j)]
            [ (-0.05560224465 - 0.3176364194j)   (-0.0163426178 + 0.1331289508j)  (-0.003459564235 - 0.0598841478j)   (-0.4168369241 - 0.1909589511j)]
    cos Arg z = [   (-1.191784123 - 0.6964977073j)  (0.01950967464 - 0.05460877512j)    (0.06476479425 - 0.1123354354j)     (0.070324222 - 0.3037068574j)]
                [(-0.01950967464 + 0.05460877512j)    (-1.191784123 - 0.6964977073j)      (0.070324222 - 0.3037068574j)  (-0.06476479425 + 0.1123354354j)]
                [ (-0.06476479425 + 0.1123354354j)    (-0.070324222 + 0.3037068574j)     (-1.191784123 - 0.6964977073j)  (0.01950967464 - 0.05460877512j)]
                [   (-0.070324222 + 0.3037068574j)   (0.06476479425 - 0.1123354354j)  (-0.01950967464 + 0.05460877512j)    (-1.191784123 - 0.6964977073j)] = [fraction] beta/gamma^p sometimes
    sin Arg z = [    (0.9535093638 - 0.9032694494j)  (0.06083756552 + 0.003627952616j)     (0.1323914631 + 0.03231652196j)    (0.3271219305 - 0.01834602365j)]
                [(-0.06083756552 - 0.003627952616j)     (0.9535093638 - 0.9032694494j)     (0.3271219305 - 0.01834602365j)   (-0.1323914631 - 0.03231652196j)]
                [  (-0.1323914631 - 0.03231652196j)   (-0.3271219305 + 0.01834602365j)      (0.9535093638 - 0.9032694494j)  (0.06083756552 + 0.003627952616j)]
                [  (-0.3271219305 + 0.01834602365j)    (0.1323914631 + 0.03231652196j)  (-0.06083756552 - 0.003627952616j)     (0.9535093638 - 0.9032694494j)]
    tan Arg z = [  (-0.2998172408 + 0.9267869786j)   (0.00121277168 + 0.02515666956j)  (-0.00739457013 + 0.05582978171j)     (0.0220733359 + 0.133584697j)]
                [(-0.00121277168 - 0.02515666956j)    (-0.2998172408 + 0.9267869786j)      (0.0220733359 + 0.133584697j)  (0.00739457013 - 0.05582978171j)]
                [ (0.00739457013 - 0.05582978171j)     (-0.0220733359 - 0.133584697j)    (-0.2998172408 + 0.9267869786j)  (0.00121277168 + 0.02515666956j)]
                [   (-0.0220733359 - 0.133584697j)  (-0.00739457013 + 0.05582978171j)  (-0.00121277168 - 0.02515666956j)   (-0.2998172408 + 0.9267869786j)]
==> cos( [3.0  0.0  0.0  0.0]
         [0.0  3.0  0.0  0.0]
         [0.0  0.0  3.0  0.0]
         [0.0  0.0  0.0  3.0] * arccos((m^2-a)/b)) = cos Arg z
